1 1
2 2
3 0
4 0
5 1
6 0
7 0
8 8
9 0
10 0
11 1000
12 0
13 2
14 3
15 1
16 0
17 0
18 0
19 1
20 0
21 0
22 1000
23 6
24 0
25 0
26 0
27 0
28 0
29 0
30 0
31 2
32 6
33 0
34 0
35 0
36 0
37 0
38 0
39 0
40 2
41 1
42 0
43 5
44 0
45 0
46 0
47 0
48 0
49 0
50 0
51 0
52 2
53 2
54 0
55 1
56 2
57 12
58 0
59 1000
60 0
61 0
62 1
63 0
64 0
65 4
66 0
67 0
68 0
69 0
70 0
71 5
72 0
73 2
74 4
75 1000
76 0
77 2
78 1000
79 6
80 1
81 0
82 6
83 5
84 2
85 0
86 0
87 0
88 0
89 0
90 2
91 1
92 1
93 0
94 1
95 1
96 1
97 0
98 1
99 0
100 18
